Experimente:
1. 30 pasi
Start:	47.13837707, 27.5777649
Stop:	47.13822016, 27.57757931
Dist:	22.416807

2. 90 pasi
Start:	47.13595088, 27.57474238
Stop:	47.13568409, 27.57428143
Dist:	45.853573

3. 90 pasi
Start:	47.13576879, 27.57426915
Stop:	47.13610094, 27.57477024
Dist:	52.996452

47.136034, 27.575036
47.136012, 27.575074
